-3861.596
-3512.921
-3328.038
-3029.815
-3096.903
-3014.918
-2718.262
-2579.704
-2476.172
-2531.42
-2555.796
-2512.547
-2424.558
-2420.792
-2373.952
-2350.281
-2389.228
-2423.249
-2304.284
-2297.896
-2268.882
-2291.201
-2299.605
-2289.055
-2336.855
-2371.981
-2359.608
-2493.872
-2504.244
-2470.1
-2307.762
-2248.999
-2379.03
-2274.308
-2416.931
-2339.947
-2497.07
-2439.838
-2347.342
-2476.312
-2362.557
-2391.711
-2546.317
-2581.965
-2732.339
-2768.844
-2744.111
-2644.134
-2795.699
-2900.398
-2842.968
-2539.527
-2568.014
-2591.241
-2504.479
-2548.117
-2469.274
-2584.55
-2525.179
-2366.634
-2199.491
-2252.768
-2189.691
-2037.613
-2044.614
-2097.769
-2247.319
-2290.361
-2244.271
-2330.401
-2265.997
-2383.738
-2279.028
-2371.453
-2103.737
-2185.929
-2270.175
-2240.164
-2409.465
-2370.882
-2463.806
-2471.749
-2394.798
-2484.822
-2552.979
-2581.751
-2575.7
-2646.934
-2515.435
-2543.303
-2495.516
-2523.479
-2575.838
-2514.098
-2555.58
-2521.533
-2464.78
-2251.502
-2428.535
-2361.223
-2324.68
-2483.046
-2522.432
-2457.391
-2515.148
-2558.216
-2653.94
-2455.779
-2344.08
-2330.257
-2414.866
-2524.616
-2448.573
-2302.901
-2272.744
-2248.717
-2141.027
-2124.428
-2177.461
-2231.751
-2322.002
-2323.082
-2414.612
-2314.286
-2455.088
-2401.466
-2416.967
-2338.167
-2431.444
-2504.546
-2477.165
-2519.357
-2642.359
-2682.965
-2487.822
-2480.976
-2556.182
-2431.17
-2500.947
-2537.431
-2698.51
-2644.741
-2664.799
-2541.657
-2582.576
-2729.245
-2695.198
-2788.125
-2673.398
-2685.831
-2720.333
-2710.959
-2845.997
-2737.662
-2696.015
-2621.382
-2559.232
-2582.738
-2778.919
-2675.737
-2719.894
-2628.224
-2669.247
-2585.293
-2535.431
-2578.058
-2428.014
-2453.336
-2572.862
-2478.282
-2375.587
-2451.183
-2540.788
-2521.279
-2440.492
-2404.939
-2208.905
-2397.809
-2305.986
-2267.837
-2214.11
-2073.505
-2111.957
-2280.028
-2217
-2322.253
-2101.031
-2201.852
-2430.854
-2390.402
-2455.245
-2302.568
-2354.961
-2384.55
-2440.45
-2280.064
-2359.091
-2305.722
-2253.9
-2262.42
-2343.183
-2248.655
-2287.533
-2212.164
-2076.924
-2144.851
-2208.992
-2338.924
-2311.299
-2444.808
-2376.648
-2473.631
-2377.123
-2456.798
-2418.562
-2288.734
-2353.603
-2316.552
-2334.426
-2273.944
-2100.476
-2183.57
-2193.587
-2230.645
-2364.02
-2329.831
-2178.307
-2354.931
-2278.993
-2249.871
-2141.604
-2289.674
-2251.131
-2288.236
-2290.673
-2406.645
-2292.123
-2157.122
-2261.811
-2367.177
-2401.309
-2405.255
-2500.499
-2507.31
-2714.006
-2668.388
-2606.835
-2390.633
-2419.897
-2477.483
-2583.134
-2653.09
-2683.468
-2639.461
-2748.15
-2730.633
-2625.261
-2816.652
-2641.427
-2495.934
-2609.127
-2565.755
-2375.302
-2527.41
-2551.119
-2706.687
-2598.453
-2766.297
-2583.507
-2487.684
-2519.841
-2577.921
-2370.256
-2554.18
-2510.342
-2444.266
-2384.978
-2510.973
-2477.833
-2470.034
-2307.249
-2244.36
-2333.068
-2223.509
-2300.477
-2283.371
-2215.917
-2243.243
-2418.806
-2317.84
-2521.86
-2494.889
-2383.187
-2272.508
-2150.519
-2239.372
-2333.439
-2401.799
-2273.625
-2634.09
-2422.742
-2569.344
-2802.809
-2750.057
-2611.624
-2607.252
-2532.923
-2511.272
-2705.959
-2563.972
-2426.895
-2469.678
-2456.108
-2580.696
-2585.229
-2669.363
-2492.818
-2546.015
-2386.505
-2263.421
-2523.9
-2428.06
-2455.281
-2413.789
-2400.724
-2350.034
-2271.618
-2242.486
-2318.111
-2406.225
-2320.242
-2202.069
-2189.023
-2342.403
-2359.036
-2377.161
-2295.215
-2435.601
-2678.65
-2620.698
-2753.25
-2660.468
-2592.451
-2692.66
-2378.923
-2402.09
-2556.022
-2420.229
-2317.368
-2421.701
-2413.755
-2372.194
-2335.982
-2130.596
-2265.031
-2294.564
-2425.338
-2408.209
-2366.306
-2336.101
-2327.083
-2399.834
-2556.452
-2421.056
-2239.169
-2153.822
-2375.884
-2294.253
-2275.743
-2303.529
-2089.29
-2169.549
-2124.348
-2210.618
-2156.66
-2096.269
-2023.323
-1955.638
-2005.615
-2397.552
-2196.242
-2231.305
-2163.317
-1965.908
-1980.341
-2141.855
-2156.22
-2188.303
-2042.24
-1965.228
-1993.158
-2087.516
-2072.139
-2001.096
-2254.645
-2294.556
-2441.67
-2375.575
-2468.922
-2371.215
-2351.177
-2514.002
-2383.455
-2409.591
-2498.102
-2434.387
-2491.73
-2344.581
-2399.17
-2309.323
-2293.766
-2299.909
-2207.259
-2431.698
-2360.571
-2495.182
-2463.917
-2611.826
-2481.619
-2438.788
-2487.08
-2453.258
-2408.735
-2510.824
-2552.646
-2439.721
-2662.127
-2505.017
-2548.289
-2513.357
-2631.948
-2583.619
-2438.498
-2402.231
-2440.995
-2306.361
-2391.873
-2486.406
-2430.086
-2441.777
-2429.307
-2421.22
-2343.037
-2482.756
-2388.707
-2281.171
-2480.472
-2360.539
-2360.716
-2233.476
-2213.778
-2439.782
-2444.094
-2428.993
-2395.202
-2487.656
-2347.979
-2385.139
-2456.716
-2719.687
-2675.407
-2778.096
-2590.304
-2584.904
-2588.254
-2600.508
-2559.009
-2510.032
-2368.249
-2531.117
-2583.174
-2451.34
-2365.181
-2317.178
-2533.232
-2557.461
-2443.678
-2523.007
-2664.86
-2638.04
-2637.637
-2478.152
-2368.449
-2524.763
-2387.349
-2368.707
-2327.77
-2524.352
-2475.931
-2374.413
-2558.184
-2494.043
-2521.075
-2517.58
-2612.88
-2653.43
-2558.23
-2470.63
-2519.306
-2326.188
-2543.956
-2683.247
-2584.484
-2498.868
-2573.435
-2460.021
-2444.978
-2494.096
-2569.673
-2434.563
-2447.262
-2501.468
-2488.05
-2403.872
-2577.665
-2649.338
-2575.944
-2479.033
-2240.931
-2413.267
-2318.225
-2322.251
-2408.607
-2213.553
-2322.493
-2299.209
-2294.743
-2309.522
-2129.916
-2210.861
-2352.529
-2457.182
-2358.692
-2221.347
-1981.297
-2040.082
-2100.863
-2264.679
-2263.706
-2375.276
-2516.872
-2606.503
-2575.003
-2563.963
-2591.626
-2341.336
-2324.432
-2468.461
-2416.067
-2595.939
-2602.176
-2471.616
-2483.711
-2438.017
-2343.24
-2219.709
-2145.798
-2274.341
-2339.899
-2275.999
-2184.099
-2155.612
-2119.23
-2068.632
-2017.947
-2049.317
-2145.89
-2101.408
-2028.325
-2208.633
-2246.839
-2357.041
-2338.917
-2494.77
-2316.617
-2394.104
-2382.442
-2312.935
-2176.706
-2198.767
-2145.861
-2272.137
-2244.106
-2292.053
-2382.059
-2371.416
-2488.225
-2483.753
-2410.394
-2404.796
-2334.437
-2358.903
-2275.351
-2122.282
-2228.725
-2316.283
-2164.285
-1903.051
-2053.039
-1926.075
-2060.357
-2049.314
-2143.248
-2255.815
-2255.957
-2300.157
-2327.63
-2346.164
-2298.154
-2362.934
-2248.45
-2227.473
-2310.754
-2250.895
-2449.133
-2356.201
-2468.682
-2259.504
-2188.406
-2314.89
-2469.748
-2467.6
-2605.649
-2454.172
-2470.002
-2331.104
-2309.894
-2168.903
-2245.415
-2233.376
-2479.434
-2436.072
-2433.804
-2596.358
-2665.223
-2641.999
-2713.18
-2584.244
-2582.683
-2775.841
-2820.636
-2977.662
-2830.469
-2705.735
-2640.89
-2618.855
-2621.669
-2609.141
-2662.377
-2479.899
-2572.487
-2670.644
-2805.908
-2733.142
-2522.383
-2420.051
-2509.429
-2684.665
-2757.665
-2776.695
-2578.379
-2539.655
-2323.244
-2544.694
-2611.789
-2642.781
-2530.557
-2369.781
-2500.818
-2423.026
-2472.899
-2435.78
-2450.957
-2424.662
-2492.297
-2427.74
-2511.439
-2433.533
-2519.435
-2409.037
-2574.281
-2528.504
-2660.296
-2626.963
-2733.37
-2756.414
-2810.374
-2887.583
-2736.324
-2817.857
-2652.266
-2804.202
-2628.902
-2705.841
-2662.722
-2666.058
-2339.423
-2370.606
-2447.145
-2482.888
-2588.905
-2599.802
-2749.125
-2869.938
-2739.132
-2682.393
-2543.561
-2529.843
-2636.889
-2464.987
-2542.813
-2536.89
-2495.492
-2343.9
-2337.577
-2425.941
-2387.588
-2395.148
-2273.603
-2312.182
-2314.775
-2465.648
-2608.399
-2573.265
-2418.723
-2376.418
-2314.559
-2279.305
-2317.434
-2451.099
-2591.852
-2588.827
-2533.504
-2423.848
-2494.433
-2405.401
-2655.818
-2560.435
-2507.594
-2423.992
-2463.591
-2241.924
-2357.418
-2377.256
-2432.531
-2552.512
-2371.834
-2157.751
-2400.587
-2466.484
-2322.669
-2078.279
-2199.325
-2412.764
-2370.152
-2327.699
-2353.458
-2368.83
-2327.95
-2276.794
-2251.451
-2231.38
-2065.538
-2287.979
-2251.864
-2186.475
-1907.271
-1996.393
-2153.538
-2358.348
-2237.201
-2081.028
-2092.368
-2150.483
-2168.492
-2034.432
-2059.941
-2221.27
-2271.573
-2481.888
-2536.559
-2477.377
-2472.156
-2367.276
-2268.877
-2262.553
-2347.868
-2380.913
-2586.497
-2412.57
-2485.791
-2584.49
-2576.847
-2620.163
-2596.487
-2584.75
-2351.698
-2377.897
-2435.785
-2648.918
-2565.927
-2504.515
-2465.224
-2468.779
-2460.174
-2344.153
-2356.745
-2468.187
-2346.715
-2313.141
-2244.299
-2181.476
-2335.785
-2266.91
-2162.196
-2263.071
-2213.242
-2354.037
-2491.521
-2520.476
-2551.341
-2470.506
-2547.538
-2601.132
-2506.434
-2577.58
-2571.224
-2538.337
-2257.557
-2361.99
-2292.732
-2347.402
-2427.131
-2387.352
-2445.421
-2501.86
-2461.639
-2374.665
-2405.224
-2414.969
-2419.185
-2154.45
-2293.724
-2141.298
-2120.674
-2166.034
-2239.232
-2319.223
-2361.43
-2231.946
-2291.986
-2228.704
-2212.585
-2256.408
-2072.447
-2080.991
-2210.928
-2180.062
-2314.842
-2154.512
-2212.571
-2363.171
-2449.851
-2603.739
-2611.26
-2612.815
-2692.131
-2440.694
-2503.938
-2230.654
-2266.764
-2330.2
-2294.848
-2155.168
-2302.714
-2278.993
-2120.768
-2298.975
-2085.828
-2146.298
-2042.205
-1984.681
-1981.317
-2017.889
-2269.663
-2181.639
-2259.536
-2322.94
-2497.163
-2483.732
-2576.913
-2579.358
-2672.705
-2504.418
-2443.953
-2520.818
-2383.882
-2408.072
-2238.195
-2266.669
-2357.922
-2465.776
-2517.378
-2367.958
-2239.736
-2170.274
-2100.925
-2206.586
-2188.033
-2215.822
-2333.341
-2454.281
-2346.417
-2273.7
-2298.569
-2304.202
-2424.494
-2190.255
-2410.542
-2323.932
-2276.962
-2427.632
-2414.2
-2372.89
-2554.469
-2430.523
-2366.687
-2445.255
-2476.453
-2538.171
-2451.908
-2547.687
-2291.407
-2258.216
-2244.697
-2349.18
-2462.498
-2406.529
-2552.035
-2618.421
-2570.881
-2481.787
-2628.29
-2539.455
-2475.165
-2343.008
-2333.841
-2366.192
-2224.091
-2204.308
-2266.27
-2398.959
-2468.039
-2451.137
-2413.022
-2228.964
-2350.528
-2328.203
-2409.167
-2428.038
-2421.528
-2360.373
-2558.272
-2494.66
-2615.939
-2744.979
-2706.055
-2625.025
-2619.983
-2633.877
-2502.848
-2640.29
-2564.307
-2497.039
-2478.863
-2479.387
-2553.898
-2682.835
-2822.735
-2819.024
-2969.466
-2842.118
-2803.896
-2938.542
-2828.63
-2814.392
-2710.218
-2745.509
-2697.848
-2714.762
-2772.914
-2696.845
-2785.208
-2765.314
-2879.906
-2799.98
-3022.085
-2830.784
-2768.992
-2705.073
-2685.935
-2617.087
-2600.705
-2644.249
-2648.062
-2626.925
-2620.591
-2378.158
-2430.327
-2426.642
-2367.45
-2486.973
-2444.918
-2505.581
-2620.512
-2614.866
-2668.288
-2625.498
-2678.566
-2605.478
-2566.659
-2533.885
-2385.675
-2445.896
-2410.56
-2354.014
-2538.641
-2402.091
-2496.569
-2289.585
-2403.418
-2359.614
-2416.863
-2294.471
-2323.924
-2348.198
-2318.282
-2104.87
-2087.784
-2299.19
-2296.568
-2246.256
-2373.085
-2216.764
-2482.898
-2457.489
-2545.499
-2496.144
-2446.062
-2520.677
-2546.49
-2548.904
-2505.318
-2434.748
-2567.592
-2509.905
-2295.42
-2429.158
-2340.428
-2206.71
-2294.257
-2173.834
-2219.245
-2154.683
-2177.102
-2199.11
-2272.871
-2323.271
-2313.305
-2427.804
-2244.55
-2317.295
-2144.457
-2266.486
-2315.31
-2144.081
-2286.525
-2164.442
-2214.78
-2396.412
-2104.577
-2064.326
-2069.904
-2277.595
-2213.78
-2141.397
-2157.786
-2007.036
-2113.571
-2092.294
-1942.013
-1993.108
-2044.962
-1879.962
-2002.414
-2078.527
-2172.488
-2251.992
-2248.534
-2241.032
-2103.045
-2199.512
-2175.23
-2345.684
-2278.646
-2363.59
-2452.224
-2422.971
-2230.384
-2479.91
-2324.981
-2344.963
-2317.549
-2425.644
-2516.918
-2368.722
-2177.382
-2325.55
-2302.086
-2187.859
-2147.046
-2271.292
-2193.005
-2265.376
-2185.725
-2277.798
-2360.259
-2386.118
-2412.347
-2395.294
-2478.573
-2384.488
-2426.815
-2610.662
-2440.674
-2437.964
-2433.509
-2487.531
-2628.588
-2603.43
-2600.727
-2556.667
-2569.385
-2560.283
-2509.395
-2479.679
-2508.061
-2485.177
-2691.397
-2552.291
-2544.614
-2403.556
-2403.04
-2671.991
-2527.01
-2558.314
-2512.39
-2452.734
-2373.878
-2311.994
-2485.1
-2455.681
-2334.175
-2342.174
-2418.099
-2278.851
-2181.139
-2189.868
-2088.528
-2167.655
-2096.44
-2362.376
-2294.633
-2176.917
-2192.529
-2349.59
-2429.093
-2240.979
-2324.231
-2424.897
-2471.243
-2389.215
-2452.656
-2522.313
-2422.844
-2298.636
-2119.676
-2360.781
-2367.956
-2371.953
-2406.643
-2293.668
-2411.132
-2382.878
-2386.971
-2592.838
-2651.66
-2437.667
-2426.455
-2398.651
-2357.547
-2144.782
-2146.797
-2259.489
-2492.563
-2405.97
-2387.43
-2379.73
-2253.752
-2495.97
-2481.79
-2490.692
-2484.122
-2426.083
-2486.117
-2572.87
-2537.163
-2579.254
-2370.91
-2381.635
-2407.933
-2387.943
-2118.434
-2110.717
-1961.684
-1990.599
-1831.839
-1883.646
-1928.875
-1750.214
-2069.848
-2370.275
-2127.328
-2367.95
-2304.052
-2441.971
-2315.625
-2266.862
-2267.588
-2420.351
-2386.361
-2485.655
-2369.666
-2391.277
-2536.32
-2537.937
-2507.913
-2450.435
-2516.653
-2517.968
-2472.142
-2298.044
-2379.659
-2238.174
-2340.492
-2252.215
-2357.552
-2187.063
-2220.365
-2065.807
-2158.653
-2261.235
-2239.656
-2159.148
-2444.109
-2527.447
-2375.996
-2265.805
-2327.622
-2290.34
-2279.158
-2566.778
-2429.937
-2466.127
-2429.305
-2467.11
-2497.119
-2446.044
-2422.524
-2446.213
-2334.456
-2422.318
-2531.398
-2632.268
-2533.141
-2436.906
-2345.566
-2348.415
-2236.013
-2259.777
-2282.264
-2119.148
-2128.694
-2044.92
-2254.811
-2331.623
-2227.796
-2205.298
-2359.762
-2442.965
-2400.167
-2201.779
-2301.303
-2155.111
-2215.661
-2124.042
-2144.943
-2078.076
-2131.136
-2122.499
-2087.347
-1952.037
-2196.742
-2266.444
-2042.955
-1985.309
-2089.502
-2145.625
-2122.993
-2249.359
-2255.048
-2323.002
-2497.573
-2447.074
-2454.791
-2438.406
-2580.579
-2625.048
-2661.878
-2599.744
-2515.55
-2514.398
-2455.56
-2114.458
-2347.494
-2228.764
-2280.245
-2401.435
-2338.04
-2510.061
-2657.95
-2639.966
-2548.507
-2561.043
-2543.045
-2600.913
-2555.381
-2297.731
-2318.299
-2426.485
-2367.345
-2407.07
-2341.934
-2662.486
-2521.816
-2723.809
-2608.902
-2693.359
-2518.94
-2352.943
-2396.536
-2405.998
-2490.962
-2405.013
-2549.966
-2646.247
-2648.015
-2615.527
-2567.49
-2461.882
-2407.141
-2459.915
-2533.272
-2543.08
-2476.358
-2654.818
-2726.037
-2682.027
-2577.162
-2687.051
-2565.968
-2346.952
-2444.538
-2477.848
-2536.072
-2356.606
-2374.08
-2459.759
-2415.628
-2388.607
-2438.445
-2458.512
-2573.594
-2446.627
-2358.036
-2317.447
-2418.155
-2351.606
-2400.118
-2465.662
-2368.69
-2414.342
-2444.63
-2320.168
-2191.907
-2164.757
-2261.266
-2188.285
-2208.845
-2263.424
-2249.937
-2232.645
-2276.618
-2153.627
-2162.848
-2100.96
-2058.132
-2024.224
-1965.526
-2173.135
-2249.998
-2273.2
-2349.942
-2238.497
-2096.032
-2177.932
-2216.212
-2423.465
-2562.589
-2362.795
-2413.582
-2235.91
-2246.389
-2165.741
-1980.915
-2286.587
-2446.067
-2452.965
-2535.475
-2308.637
-2414.127
-2285.349
-2301.516
-2093.77
-2047.531
-1948.563
-2189.924
-2225.516
-2054.241
-2198.613
-2217.741
-2140.957
-2040.62
-2160.102
-2199.163
-2101.192
-2250.987
-2367.695
-2482.223
-2497.539
-2416.48
-2387.156
-2432.703
-2399.361
-2459.712
-2361.379
-2311.345
-2330.205
-2214.499
-2508.817
-2476.159
-2629.767
-2582.958
-2699.113
-2571.669
-2436.796
-2479.797
-2451.691
-2372.514
-2340.579
-2383.783
-2430.367
-2503.653
-2501.473
-2638.786
-2500.35
-2503.071
-2515.115
-2457.95
-2474.963
-2438.57
-2486.109
-2468.255
-2499.903
-2328.774
-2548.506
-2500.033
-2581.623
-2483.552
-2419.312
-2429.195
-2508.769
-2523.329
-2546.048
-2609.533
-2654.406
-2524.804
-2379.601
-2426.171
-2462.293
-2606.971
-2728.371
-2673.506
-2790.925
-2689.097
-2660.921
-2534.102
-2489.757
-2295.351
-2330.226
-2374.201
-2320.226
-2374.065
-2367.658
-2280.554
-2430.12
-2315.812
-2283.115
-2282.879
-2378.241
-2304.681
-2312.358
-2237.539
-2462.814
-2517.849
-2499.88
-2507.283
-2401.188
-2276.868
-2140.717
-2274.615
-2351.973
-2304.53
-2371.092
-2479.97
-2366.079
-2328.52
-2575.257
-2461.505
-2574.981
-2467.173
-2583.645
-2714.24
-2747.112
-2725.982
-2606.494
-2538.89
-2461.138
-2576.769
-2500.961
-2499.224
-2545.529
-2386.692
-2362.572
-2382.987
-2258.976
-2330.036
-2391.155
-2320.818
-2356.329
-2485.933
-2409.977
-2458.621
-2388.499
-2302.43
-2347.24
-2328.195
-2288.8
-2190.352
-2240.982
-2191.049
-2572.693
-2397.174
-2510.401
-2342.089
-2399.621
-2385.91
-2481.913
-2346.067
-2359.884
-2258.91
-2368.8
-2359.776
-2263.995
-2302.025
-2168.013
-2412.637
-2477.118
-2360.22
-2329.272
-2332.424
-2201.877
-2100.861
-2086.28
-2177.624
-2013.054
-2155.974
-2320.243
-2409.477
-2473.52
-2534.599
-2513.435
-2756.54
-2696.59
-2693.407
-2758.132
-2604.885
-2503.666
-2573.574
-2660.678
-2455.387
-2512.513
-2473.042
-2452.731
-2295.569
-2420.696
-2334.668
-2393.314
-2280.945
-2405.952
-2331.435
-2430.7
-2516.866
-2537.576
-2512.167
-2505.961
-2337.974
-2385.329
-2431.131
-2338.046
-2166.587
-2107.536
-2191.97
-2392.758
-2451.454
-2484.163
-2600.09
-2563.854
-2448.601
-2448.509
-2642.142
-2576.41
-2510.262
-2317.665
-2214.896
-2273.408
-2202.572
-2207.219
-2031.847
-2168.475
-2349.923
-2306.59
-2313.717
-2328.189
-2394.623
-2272.904
-2212.466
-2177.672
-2284.225
-2328.527
-2368.644
-2304.698
-2326.031
-2427.8
-2329.349
-2497.847
-2329.888
-2349.161
-2351.325
-2396.008
-2413.796
-2448.934
-2479.126
-2452.976
-2488.1
-2455.04
-2557.401
-2436.283
-2540.631
-2372.885
-2401.936
-2396.199
-2514.142
-2580.788
-2587.832
-2616.117
-2473.163
-2429.242
-2439.821
-2443.405
-2369.202
-2327.55
-2082.279
-2432.071
-2358.317
-2318.553
-2434.74
-2305.326
-2332.014
-2195.101
-2293.794
-2299.224
-2208.652
-2285.343
-2268.719
-2390.403
-2462.592
-2569.601
-2492.488
-2587.749
-2586.216
-2597.877
-2487.316
-2438.068
-2496.12
-2511.881
-2310.033
-2398.353
-2296.791
-2317.211
-2299.355
-2311.949
-2317.758
-2347.373
-2578.212
-2430.455
-2525.279
-2653.565
-2631.145
-2531.793
-2571.35
-2488.921
-2488.265
-2445.122
-2500.224
-2423.887
-2280.703
-2317.37
-2336.443
-2278.916
-2205.457
-2193.69
-2157.033
-2176.81
-2147.192
-2231.276
-2105.221
-2063.405
-2141.262
-2352.128
-2226.118
-2072.715
-2085.054
-2050.511
-2032.605
-2030.621
-2107.392
-2287.445
-2249.661
-2206.428
-2265.332
-2246.985
-2337.928
-2505.818
-2464.398
-2432.925
-2370.3
-2490.173
-2484.687
-2407.413
-2373.31
-2302.912
-2273.18
-2346.995
-2363.116
-2325.311
-2402.378
-2382.769
-2431.132
-2501.208
-2492.06
-2513.038
-2478.448
-2363.02
-2387.053
-2312.352
-2195.504
-2321.803
-2255.244
-2196.731
-2399.773
-2488.051
-2582.524
-2439.358
-2313.962
-2330.953
-2271.386
-2282.281
-2331.157
-2424.473
-2162.209
-2298.018
-2504.841
-2590.558
-2699.564
-2611.633
-2507.517
-2632.171
-2744.889
-2728.079
-2571.144
-2607.106
-2560.794
-2528.91
-2579.912
-2453.768
-2553.302
-2563.925
-2323.224
-2291.85
-2202.688
-2106.594
-2243.974
-2361.904
-2497.826
-2600.44
-2656.404
-2790.698
-2679.99
-2688.718
-2804.111
-2896.111
-2618.764
-2490.454
-2509.98
-2444.29
-2489.608
-2619.942
-2502.049
-2454.13
-2333.86
-2296.843
-2351.177
-2406.161
-2465.928
-2579.928
-2568.063
-2347.73
-2430.758
-2421.381
-2373.185
-2344.404
-2319.974
-2318.161
-2507.608
-2500.754
-2468.168
-2412.615
-2335.286
-2454.274
-2530.053
-2595.353
-2618.085
-2626.286
-2555.079
-2636.485
-2511.95
-2599.36
-2537.346
-2316.222
-2259.909
-2295.136
-2356.75
-2362.163
-2368.048
-2174.496
-2213.319
-2258.605
-2143.785
-2116.056
-2313.002
-2178.449
-2229.253
-2271.62
-2225.53
-2231.255
-2273.916
-2157.609
-2008.259
-2010.159
-2112.236
-2096.924
-2110.345
-1999.321
-2049.06
-2271.685
-2225.937
-2103.11
-2293.043
-2405.62
-2573.894
-2506.622
-2570.759
-2501.516
-2372.956
-2389.672
-2210.116
-2228.46
-2260.259
-2193.963
-2251.218
-2196.734
-2315.752
-2326.434
-2105.395
-2107.984
-2083.019
-2202.746
-2333.835
-2229.202
-2203.291
-2273.864
-2035.711
-2188.904
-2274.185
-2182.865
-2176.638
-2318.125
-2134.685
-2302.528
-2305.156
-2342.648
-2487.231
-2392.174
-2503.677
-2532.229
-2449.578
-2300.359
-2277.921
-2449.739
-2290.109
-2420.292
-2440.362
-2403.983
-2411.071
-2380.171
-2582.144
-2494.641
-2556.046
-2493.132
-2574.732
-2608.649
-2517.19
-2549.855
-2511.579
-2394.878
-2308.919
-2275.882
-2352.39
-2329.665
-2440.104
-2488.865
-2493.261
-2513.461
-2468.903
-2443.997
-2505.841
-2582.675
-2424.672
-2572.632
-2510.766
-2426.848
-2438.926
-2534.812
-2710.335
-2540.211
-2675.194
-2536.243
-2491.037
-2577.975
-2599.65
-2702.852
-2659.685
-2570.915
-2609.189
-2490.208
-2471.53
-2475.274
-2468.499
-2639.684
-3856.869
-3538.608
-3290.883
-3272.161
-3201.535
-2999.781
-2775.75
-2721.835
-2594.67
-2583.647
-2615.571
-2535.404
-2550.242
-2521.686
-2499.819
-2367.703
-2322.586
-2375.464
-2284.459
-2448.529
-2331.957
-2480.258
-2594.451
-2662.023
-2570.908
-2669.402
-2658.914
-2631.363
-2540.225
-2488.157
-2437.403
-2617.916
-2733.171
-2550.369
-2342.796
-2336.882
-2384.456
-2406.866
-2488.715
-2602.162
-2665.087
-2582.781
-2632.572
-2620.047
-2673.069
-2673.005
-2557.342
-2617.68
-2666.267
-2743.592
-2509.626
-2704.449
-2337.778
-2419.168
-2533.569
-2512.255
-2451.467
-2401.087
-2485.737
-2367.406
-2346.14
-2210.856
-2343.549
-2323.587
-2231.11
-2281.032
-2133.2
-2171.801
-2221.645
-2377.543
-2476.967
-2468.321
-2440.812
-2448.015
-2329.455
-2389.564
-2389.937
-2485.15
-2423.121
-2360.757
-2314.426
-2424.754
-2496.885
-2391.056
-2592.335
-2501.984
-2593.073
-2572.233
-2601.693
-2511.838
-2449.693
-2314.032
-2348.806
-2349.055
-2296.546
-2205.306
-2255.224
-2300.671
-2245.48
-2163.043
-2293.985
-2444.018
-2344.183
-2455.585
-2477.22
-2430.454
-2575.914
-2450.318
-2666.714
-2694.57
-2389.208
-2538.999
-2486.794
-2371.746
-2435.251
-2288.113
-2393.489
-2667.781
-2502.569
-2502.824
-2379.513
-2310.889
-2449.355
-2504.157
-2294.873
-2338.162
-2260.196
-2289.344
-2219.293
-2282.367
-2193.973
-2325.762
-2301.202
-2342.275
-2286.562
-2260.329
-2106.844
-2079.001
-2186.477
-2239.287
-2365.903
-2237.31
-2231.574
-2386.802
-2350.435
-2246.349
-2440.667
-2300.121
-2347.322
-2257.787
-2336.003
-2242.546
-2233.796
-2329.095
-2317.664
-2280.151
-2278.867
-2322.038
-2479.515
-2357.603
-2338.397
-2326.047
-2193.382
-2289.896
-2240.479
-2362.194
-2278.581
-2371.735
-2324.228
-2387.319
-2364.514
-2345.831
-2281.728
-2382.493
-2381.414
-2418.595
-2565.862
-2563.878
-2612.828
-2486.717
-2359.558
-2366.749
-2470.765
-2356.539
-2378.812
-2252.516
-2206.882
-2107.386
-2220.25
-2275.487
-2214.691
-2410.673
-2183.225
-2345.435
-2254.507
-2293.981
-2189.12
-2148.619
-2186.61
-1978.553
-2147.317
-2104.087
-2091.509
-2227.53
-2346.413
-2311.018
-2403.697
-2496.496
-2397.794
-2337.346
-2512.48
-2554.378
-2645.775
-2703.635
-2790.554
-2776.031
-2638.317
-2520.594
-2578.085
-2554.215
-2467.863
-2577.134
-2564.57
-2642.62
-2385.017
-2412.68
-2328.906
-2337.855
-2394.579
-2330.909
-2360.043
-2542.301
-2566.742
-2531.279
-2414.159
-2428.337
-2370.562
-2200.377
-2264.746
-2247.088
-2334.884
-2455.175
-2510.407
-2713.334
-2610.231
-2598.587
-2664.561
-2551.379
-2367.483
-2276.219
-2324.979
-2340.925
-2361.953
-2364.309
-2406.386
-2416.284
-2507.919
-2456.912
-2409.295
-2384.693
-2371.933
-2413.586
-2382.932
-2504.31
-2637.518
-2509.943
-2580.508
-2684.801
-2661.908
-2639.304
-2553.309
-2670.887
-2575.191
-2605.02
-2668.369
-2661.632
-2639.401
-2710.93
-2797.08
-2665.524
-2545.874
-2520.538
-2634.903
-2598.764
-2574.792
-2462.326
-2493.216
-2600.304
-2514.899
-2427.85
-2617.266
-2592.888
-2595.216
-2677.502
-2667.954
-2522.528
-2601.94
-2604.132
-2737.447
-2785.544
-2787.114
-2612.837
-2711.881
-2703.771
-2660.37
-2453.812
-2424.365
-2374.728
-2415.238
-2446.097
-2394.299
-2404.884
-2333.951
-2411.026
-2385.64
-2395.952
-2458.91
-2422.676
-2378.497
-2633.538
-2512.168
-2496.597
-2726.492
-2612.76
-2502.702
-2530.933
-2513.89
-2517.766
-2351.301
-2344.157
-2244.054
-2370.287
-2289.645
-2431.563
-2529.501
-2523.837
-2338.242
-2466.715
-2554.772
-2562.922
-2511.326
-2492.203
-2260.454
-2402.112
-2483.597
-2617.108
-2658.661
-2603.353
-2519.127
-2593.934
-2490.629
-2565.54
-2389.987
-2454.559
-2413.582
-2404.365
-2356.272
-2220.076
-2235.642
-2314.362
-2412.273
-2704.217
-2512.122
-2568.982
-2457.219
-2568.411
-2576.192
-2528.07
-2382.991
-2480.938
-2580.454
-2415.531
-2442.936
-2458.097
-2399.946
-2203.854
-2327.864
-2302.925
-2337.195
-2537.723
-2485.393
-2449.186
-2649.52
-2494.69
-2517.388
-2460.929
-2468.408
-2407.916
-2542.886
-2515.187
-2546.267
-2521.359
-2528.739
-2477.764
-2444.31
-2327.519
-2283.223
-2447.257
-2502.473
-2520.096
-2481.817
-2397.705
-2316.833
-2319.979
-2352.361
-2328.938
-2329.766
-2499.681
-2410.83
-2587.269
-2674.99
-2482.021
-2573.842
-2605.211
-2579.173
-2492.598
-2530.159
-2596.875
-2553.832
-2530.441
-2553.171
-2559.415
-2505.397
-2405.758
-2603.588
-2646.516
-2661.981
-2608.246
-2508.52
-2693.91
-2593.729
-2509.908
-2606.981
-2655.47
-2596.736
-2515.499
-2520.157
-2400.613
-2376.826
-2306.066
-2308.061
-2504.731
-2539.732
-2366.191
-2440.006
-2411.501
-2417.372
-2490.508
-2490.574
-2457.36
-2629.236
-2571.361
-2377.77
-2446.709
-2379.611
-2269.116
-2316.09
-2278.735
-2239.36
-2251.098
-2223.12
-2273.385
-2395.085
-2431.941
-2313.592
-2313.092
-2276.781
-2432.023
-2597.845
-2594.452
-2502.183
-2429.631
-2493.604
-2459.845
-2475.382
-2422.796
-2619.424
-2595.227
-2486.506
-2639.876
-2651.341
-2568.186
-2541.06
-2402.104
-2456.297
-2553.427
-2505.591
-2428.632
-2409.144
-2343.911
-2387.448
-2227.211
-2296.45
-2377.803
-2418.042
-2519.374
-2536.947
-2573.823
-2583.88
-2560.467
-2574.149
-2472.822
-2573.664
-2570.086
-2529.979
-2494.216
-2566.507
-2491.096
-2531.704
-2288.509
-2401.09
-2396.227
-2411.004
-2381.198
-2413.247
-2601.387
-2489.142
-2583.291
-2569.068
-2681.105
-2634.803
-2494.484
-2540.134
-2747.365
-2647.925
-2638.889
-2644.226
-2552.866
-2560.884
-2845.795
-2720.509
-2493.232
-2678.16
-2710.033
-2658.425
-2547.135
-2516.747
-2552.489
-2481.898
-2636.826
-2576.947
-2641.943
-2597.664
-2667.534
-2514.458
-2630.181
-2513.408
-2455.948
-2475.073
-2456.182
-2586.618
-2388.481
-2419.866
-2595.654
-2499.585
-2424.002
-2395.689
-2528.02
-2709.232
-2788.563
-2847.864
-2848.898
-2698.661
-2712.239
-2626.746
-2597.494
-2570.005
-2530.472
-2493.04
-2389.234
-2301.416
-2461.791
-2434.512
-2443.453
-2634.995
-2605.043
-2612.477
-2695.997
-2591.523
-2599.78
-2633.756
-2669.325
-2712.624
-2581.393
-2446.11
-2419.376
-2377.115
-2401.941
-2331.28
-2216.038
-2273.36
-2505.832
-2666.246
-2595.94
-2667.422
-2685.191
-2595.563
-2654.237
-2688.611
-2629.859
-2577.615
-2543.62
-2464.962
-2503.063
-2422.486
-2429.102
-2555.882
-2503.176
-2522.371
-2359.142
-2434.692
-2458.238
-2459.01
-2476.104
-2640.128
-2378.266
-2468.517
-2533.151
-2538.314
-2368.058
-2423.756
-2453.988
-2529.306
-2323.407
-2471.234
-2590.262
-2740.692
-2646.467
-2645.143
-2719.764
-2658.121
-2516.134
-2650.163
-2457.726
-2612.806
-2768.531
-2667.776
-2619.127
-2707.941
-2661.237
-2726.079
-2637.956
-2770.941
-2754.681
-2640.148
-2607.265
-2561.875
-2538.492
-2571.56
-2703.744
-2670.638
-2794.799
-2784.087
-2798.549
-2715.837
-2678.694
-2735.829
-2685.008
-2704.974
-2615.842
-2567.311
-2557.595
-2569.975
-2611.029
-2664.05
-2649.213
-2654.39
-2687.691
-2576.958
-2635.852
-2825.733
-2911.504
-2806.86
-2714.248
-2743.799
-2509.482
-2343.551
-2353.798
-2211.615
-2215.589
-2345.025
-2324.06
-2277.741
-2174.13
-2111.27
-2130.647
-2346.785
-2232.419
-2420.571
-2467.056
-2547.755
-2518.419
-2543.112
-2559.561
-2608.547
-2556.122
-2447.541
-2482.23
-2468.71
-2404.651
-2252.914
-2415.169
-2484.395
-2558.025
-2499.751
-2478.254
-2566.881
-2552.639
-2553.892
-2541.606
-2570.039
-2371.791
-2256.55
-2426.184
-2608.698
-2569.645
-2618.13
-2529.38
-2673.227
-2680.299
-2705.598
-2595.275
-2631.031
-2683.831
-2720.14
-2716.634
-2730.091
-2703.279
-2510.257
-2646.492
-2440.324
-2635.381
-2673.408
-2664.952
-2769.691
-2580.278
-2575.642
-2474.583
-2438.255
-2442.324
-2328.365
-2359.384
-2284.079
-2216.22
-2222.917
-2010.868
-2165.98
-2355.528
-2196.555
-2266.953
-2378.051
-2326.31
-2281.232
-2220.542
-2119.487
-2179.453
-2362.316
-2396.084
-2369.644
-2339.595
-2240.145
-2137.584
-2104.153
-2133.721
-2139.815
-2264.458
-2203.789
-2296.598
-2382.101
-2371.832
-2506.398
-2231.062
-2362.298
-2426.887
-2334.372
-2457.538
-2472.699
-2221.897
-2212.422
-2083.711
-2157.237
-2074.049
-2332.856
-2258.718
-2344.081
-2299.557
-2427.334
-2527.382
-2337.233
-2316.965
-2314.764
-2464.473
-2245.952
-2221.072
-2179.336
-2233.697
-1993.412
-2115.518
-2009.385
-1933.942
-2067.65
-2248.958
-2312.737
-2415.519
-2305.83
-2272.085
-2115.162
-2059.987
-2119.084
-2146.895
-2087.779
-2062.117
-2106.809
-2121.348
-2125.981
-2183.665
-2088.922
-2130.045
-2184.909
-2329.164
-2410.105
-2420.146
-2461.819
-2311.354
-2382.761
-2360.05
-2159.765
-2305.696
-2305.434
-2363.24
-2366.01
-2407.966
-2399.444
-2522.495
-2451.515
-2477.242
-2512.47
-2562.803
-2526.959
-2381.224
-2480.482
-2372.462
-2305.139
-2610.696
-2664.3
-2683.758
-2690.688
-2683.174
-2694.904
-2773.452
-2620.834
-2640.156
-2630.366
-2706.44
-2679.323
-2666.172
-2653.005
-2502.825
-2743.985
-2974.493
-2852.309
-2857.459
-2818.91
-2619.921
-2530.11
-2459.852
-2387.513
-2534.059
-2486.6
-2358.512
-2323.582
-2467.09
-2398.193
-2523.191
-2536.202
-2484.813
-2500.824
-2470.594
-2396.65
-2437.764
-2365.131
-2450.813
-2314.26
-2252.09
-2500.777
-2527.613
-2422.968
-2346.174
-2334.169
-2286.501
-2424.928
-2386.443
-2469.732
-2401.085
-2490.815
-2423.068
-2508.869
-2415.66
-2311.272
-2408.095
-2234.577
-2258.88
-2364.428
-2397.974
-2389.186
-2275.938
-2252.44
-2224.939
-2243.198
-2278.664
-2221.963
-2357.223
-2318.736
-2050.179
-2158.991
-2217.054
-2169.694
-2147.692
-2122.368
-2226.095
-2308.981
-2279.337
-2354.013
-2325.61
-2341.01
-2497.527
-2562.561
-2430.867
-2504.259
-2460.352
-2450.641
-2474.964
-2558.332
-2677.325
-2655.144
-2637.792
-2574.44
-2507.461
-2413.222
-2358.564
-2433.874
-2319.807
-2219.787
-2227.462
-2181.51
-2326.249
-2368.119
-2407.397
-2510.964
-2538.982
-2442.972
-2374.499
-2419.853
-2418.71
-2332.304
-2326.676
-2516.895
-2482.741
-2490.812
-2574.446
-2608.034
-2652.094
-2599.492
-2535.591
-2399.675
-2390.437
-2496.855
-2526.166
-2484.058
-2526.743
-2602.005
-2482.68
-2415.558
-2504.731
-2449.635
-2499.564
-2403.681
-2477.757
-2520.006
-2693.884
-2586.618
-2580.668
-2588.63
-2536.262
-2627.172
-2699.524
-2729.434
-2528.74
-2613.769
-2682.262
-2491.15
-2564.203
-2466.977
-2416.251
-2531.846
-2538.006
-2248.435
-2288.463
-2290.305
-2160.931
-2370.213
-2353.425
-2318.456
-2125.917
-2142.812
-2292.681
-2464.814
-2303.847
-2196.211
-2233.414
-2242.579
-2252.913
-2176.485
-2070.56
-2281.566
-2234.523
-2224.066
-2143.351
-2227.797
-2197.197
-2214.741
-2215.319
-2081.532
-2096.93
-2138.71
-1944.163
-1999.453
-2086.771
-2137.895
-2292.863
-2461.939
-2366.696
-2354.933
-2264.52
-2130.139
-2089.438
-2127.261
-2038.816
-2204.814
-2325.426
-2461.09
-2366.14
-2149.942
-2089.656
-2224.429
-2142.843
-2273.049
-2122.99
-2281.516
-1990.362
-2083.24
-2303.695
-2388.761
-2169.593
-2251.744
-2261.596
-2330.187
-2233.614
-2195.959
-2141.649
-2108.735
-1961.456
-2062.267
-2113.408
-2057.211
-2033.982
-1972.183
-2120.284
-2209.889
-2331.371
-2313.914
-2507.952
-2540.363
-2704.713
-2447.483
-2572.709
-2428.607
-2453.457
-2513.64
-2392.418
-2353.733
-2530.528
-2309.427
-2320.577
-2393.555
-2569.025
-2399.008
-2435.727
-2272.37
-2199.36
-2275.525
-2361.083
-2283.158
-2292.685
-2258.634
-2295.456
-2399.459
-2304.06
-2328.444
-2511.289
-2623.115
-2452.224
-2557.68
-2413.799
-2469.881
-2407.884
-2473.237
-2539.971
-2564.818
-2466.751
-2315.314
-2304.848
-2347
-2235.637
-2223.364
-2323.332
-2392.338
-2239.723
-2263.196
-2376.16
-2413.305
-2185.139
-2257.9
-2207.981
-2202.134
-2299.444
-2354.76
-2506.403
-2500.82
-2428.404
-2471.636
-2436.01
-2510.099
-2398.326
-2524.047
-2553.994
-2521.869
-2587.874
-2579.648
-2677.791
-2677.223
-2715.58
-2662.78
-2628.022
-2686.491
-2631.405
-2512.577
-2638.805
-2702.149
-2648.489
-2721.846
-2670.347
-2684.257
-2733.066
-2668.94
-2571.313
-2453.475
-2402.401
-2396.623
-2424.425
-2326.957
-2406.366
-2389.783
-2307.17
-2302.737
-2329.974
-2432.258
-2293.628
-2401.74
-2390.715
-2488.363
-2390.522
-2371.368
-2299.88
-2290.483
-2248.658
-2361.788
-2285.569
-2250.692
-2316.414
-2556.678
-2499.296
-2463.747
-2431.091
-2519.667
-2479.609
-2499.546
-2476.989
-2477.096
-2493.133
-2648.07
-2549.697
-2633.711
-2564.399
-2595.532
-2691.784
-2535.84
-2537.729
-2620.638
-2421.987
-2458.7
-2549.998
-2572.818
-2575.843
-2555.661
-2518.019
-2540.648
-2372.42
-2324.907
-2252.129
-2262.911
-2321.51
-2422.389
-2310.552
-2238.476
-2211.756
-2133.425
-2182.696
-2306.461
-2450.271
-2292.671
-2341.876
-2171.375
-2127.579
-2215.006
-2224.391
-2260.212
-2164.521
-2243.543
-2205.266
-2336.084
-2332.429
-2369.058
-2508.655
-2497.912
-2508.53
-2472.753
-2381.85
-2358.351
-2288.515
-2190.421
-2272.182
-2350.463
-2394.662
-2396.688
-2341.526
-2473.24
-2564.135
-2561.121
-2467.483
-2489.676
-2492.229
-2660.065
-2590.53
-2620.563
-2545.709
-2638.088
-2558.95
-2585.701
-2535.877
-2537.803
-2585.278
-2530.42
-2396.437
-2462.541
-2363.508
-2372.977
-2652.464
-2410.133
-2392.493
-2380.378
-2288.79
-2364.352
-2341.947
-2196.609
-2311.34
-2311.828
-2479.283
-2568.585
-2502.954
-2273.044
-2114.161
-2023.678
-2128.373
-2090.09
-2004.929
-2135.624
-2136.416
-2126.773
-2201.766
-2217.189
-2176.008
-2103.4
-2072.412
-2040.79
-2008.468
-2006.931
-2170.615
-2286.679
-2379.273
-2274.417
-2370.689
-2415.651
-2374.587
-2533.542
-2597.228
-2454.812
-2443.15
-2410.621
-2335.443
-2482.377
-2471.64
-2516.629
-2490.923
-2544.936
-2677.913
-2793.094
-2588.393
-2665.506
-2672.42
-2667.93
-2736.126
-2730.304
-2594.741
-2706.537
-2571.053
-2503.221
-2362.577
-2366.704
-2374.919
-2444.799
-2340.542
-2340.051
-2463.106
-2452.352
-2632.126
-2374.996
-2271.174
-2315.452
-2237.681
-2264.02
-2350.343
-2491.979
-2358.921
-2335.475
-2304.818
-2546.91
-2572
-2517.965
-2328.037
-2474.468
-2510.081
-2463.987
-2398.866
-2221.283
-2282.434
-2308.781
-2365.825
-2444.678
-2475.812
-2478.74
-2414.333
-2525.928
-2435.407
-2546.92
-2537.686
-2620.565
-2595.491
-2559.66
-2661.158
-2526.033
-2664.277
-2722.907
-2732.002
-2826.464
-2889.138
-2707.351
-2769.351
-2649.099
-2667.636
-2600.488
-2534.404
-2439.802
-2332.661
-2442.752
-2431.015
-2489.196
-2329.157
-2533.554
-2439.515
-2329.796
-2223.711
-2156.016
-2203.362
-2117.916
-2308.615
-2270.209
-2340.262
-2551.699
-2505.332
-2309.855
-2286.112
-2373.915
-2531.587
-2469.812
-2587.736
-2440.822
-2469.03
-2472.978
-2390.825
-2481.911
-2558.481
-2529.378
-2425.417
-2377.101
-2461.127
-2526.855
-2575.259
-2429.531
-2445.601
-2289.411
-2266.175
-2472.997
-2469.503
-2448.75
-2424.302
-2390.293
-2141.115
-2234.976
-2092.478
-2321.083
-2376.67
-2487.197
-2694.561
-2576.733
-2627.112
-2444.383
-2558.576
-2510.692
-2578.66
-2577.992
-2644.108
-2560.583
-2494.487
-2524.161
-2569.188
-2459.773
-2319.453
-2366.323
-2572.155
-2488.474
-2497.579
-2536.621
-2524.638
-2449.839
-2522.034
-2505.712
-2510.746
-2578.849
-2688.666
-2839.507
-2973.84
-2859.681
-2888.41
-2779.815
-2650.516
-2726.79
-2638.275
-2645.853
-2678.966
-2515.81
-2609.718
-2504.694
-2537.544
-2550.008
-2583.995
-2698.43
-2693.297
-2854.44
-2820.323
-2715.166
-2640.385
-2458.551
-2491.515
-2381.965
-2371.971
-2615.467
-2570.38
-2472.098
-2545.927
-2443.214
-2427.8
-2407.169
-2447.321
-2502.933
-2579.926
-2509.373
-2573.845
-2472.358
-2444.348
-2636.029
-2598.024
-2579.468
-2589.118
-2581.596
-2685.557
-2688.191
-2781.063
-2787.837
-2677.494
-2663.098
-2527.091
-2571.164
-2600.255
-2595.562
-2531.688
-2590.621
-2697.61
-2693.947
-2632.211
-2508.507
-2485.669
-2510.865
-2638.861
-2590.293
-2524.735
-2464.716
-2353.861
-2344.17
-2415.806
-2521.514
-2463.807
-2439.702
-2368.33
-2522.667
-2619.46
-2456.235
-2514.822
-2498.246
-2624.925
-2686.775
-2592.08
-2646.797
-2498.73
-2372.134
-2366.288
-2399.842
-2289.083
-2359.3
-2336.977
-2405.198
-2377.713
-2648.244
-2632.734
-2730.58
-2814.419
-2708.518
-2496.568
-2404.01
-2308.107
-2333.229
-2331.654
-2541.322
-2532.333
-2513.637
-2705.162
-2613.391
-2650.836
-2617.321
-2651.007
-2605.535
-2549.584
-2432.937
-2397.304
-2375.676
-2458.738
-2270.459
-2320.547
-2300.374
-2344.339
-2419.882
-2406.751
-2413.163
-2272.866
-2317.743
-2319.122
-2370.837
-2322.916
-2290.962
-2155.005
-2223.866
-2349.929
-2441.857
-2374.978
-2451.794
-2559.208
-2510.651
-2536.983
-2464.739
-2348.464
-2370.138
-2259.566
-2332.378
-2359.976
-2263.586
-2216.254
-2208.505
-2139.154
-2246.729
-2188.049
-2300.837
-2432.353
-2386.762
-2465.534
-2463.564
-2363.969
-2324.191
-2295.689
-2385.629
-2202.957
-2280.975
-2045.441
-2015.214
-1935.641
-1944.06
-2220.107
-2178.496
-1946.408
-1955.415
-2092.917
-2089.4
-2061.07
-2176.144
-2055.529
-2054.985
-2112.02
-2243.507
-2283.675
-2246.903
-2185.071
-2252.122
-2254.195
-2308.403
-2250.326
-2382.435
-2461.951
-2464.118
-2575.769
-2394.093
-2521.097
-2348.86
-2381.333
-2323.89
-2259.711
-2095.429
-2208.274
-2231.178
-2291.586
-2240.898
-2169.651
-2100.422
-2176.091
-2261.238
-2249.372
-2028.387
-1933.198
-2061.524
-2173.657
-2125.939
-2371.755
-2432.171
-2548.824
-2506.296
-2396.961
-2326.35
-2453.062
-2322.121
-2376.119
-2387.83
-2245.601
-2377.94
-2353.456
-2343.172
-2436.789
-2482.613
-2452.939
-2309.075
-2341.489
-2231.312
-2193.717
-2162.62
-2327.491
-2424.671
-2647.368
-2656.835
-2673.141
-2559.196
-2428.63
-2451.206
-2469.534
-2375.022
-2284.848
-2395.973
-2452.351
-2452.276
-2495.7
-2510.548
-2353.498
-2359.782
-2326.406
-2406.316
-2330.645
-2432.094
-2301.172
-2290.354
-2287.386
-2225.948
-2358.536
-2386.317
-2374.89
-2424.125
-2549.939
-2403.766
-2364.529
-2306.838
-2461.268
-2437.865
-2553.371
-2486.701
-2444.657
-2330.941
-2256.915
-2241.384
-2295.546
-2409.531
-2472.849
-2454.969
-2364.764
-2227.679
-2214.809
-2122.718
-2105.665
-2230.113
-2241.315
-2269.203
-2211.868
-2266.847
-2381.068
-2403.347
-2410.609
-2548.89
-2491.532
-2478.244
-2304.814
-2418.863
-2493.697
-2341.886
-2233.217
-2157.936
-1963.135
-2096.383
-2156.827
-2209.723
-2297.786
-2107.892
-2041.388
-2147.357
-2263.731
-2290.686
-2179.845
-2244.548
-2103.352
-2113.143
-2063.2
-2089.631
-2288.854
-2263.079
-2322.245
-2154.029
-2293.85
-2290.548
-2209.727
-2111.415
-2075.228
-2124.605
-2302.174
-2217.735
-2254.255
-2185.015
-2050.011
-2122.62
-2174.867
-2402.713
-2329.681
-2312.222
-2457.384
-2447.345
-2355.268
-2471.247
-2486.173
-2522.864
-2458.963
-2543.512
-2441.626
-2654.632
-2478.819
-2455.791
-2520.074
-2595.259
-2660.734
-2560.233
-2609.481
-2537.848
-2704.995
-2594.333
-2612.854
-2691.734
-2653.349
-2547.267
-2497.13
-2600.395
-2587.069
-2655
-2650.083
-2634.226
-2668.688
-2614.026
-2733.753
-2801.709
-2657.142
-2504.785
-2515.671
-2690.019
-2440.761
-2365.283
-2360.806
-2669.047
-2589.707
-2705.833
-2723.567
-2694.226
-2704.514
-2640.315
-2822.834
-2772.833
-2781.362
-2857.747
-2776.472
-2763.29
-2822.8
-2598.124
-2684.83
-2624.243
-2639.722
-2590.901
-2556.805
-2402.78
-2443.177
-2418.71
-2368.067
-2481.736
-2522.148
-2533.362
-2594.951
-2747.244
-2668.797
-2694.041
-2783.81
-2608.183
-2519.333
-2586.472
-2705.546
-2387.847
-2379.642
-2260.194
-2198.861
-2267.189
-2218.762
-2366.162
-2646.899
-2687.051
-2714.992
-2628.923
-2663.659
-2633.847
-2618.629
-2567.646
-2450.282
-2608.707
-2327.688
-2558.024
-2513.119
-2534.619
-2524.246
-2447.321
-2627.355
-2633.149
-2636.233
-2434.006
-2455.205
-2502.511
-2531.152
-2562.339
-2391.148
-2490.494
-2456.636
-2622.476
-2591.292
-2363.841
-2242.766
-2362.751
-2428.092
-2379.847
-2309.498
-2353.248
-2391.276
-2245.269
-2298.437
-2349.998
-2363.983
-2335.006
-2394.092
-2530.023
-2451.062
-2538.868
-2481.978
-2385.063
-2439.4
-2413.476
-2627.154
-2634.587
-2364.787
-2478.957
-2513.652
-2502.777
-2593.017
-2662.984
-2593.509
-2564.232
-2529.153
-2330.173
-2435.588
-2427.487
-2415.816
-2336.191
-2429.281
-2557.688
-2518.925
-2561.155
-2562.671
-2577.456
-2745.579
-2750.542
-2831.514
-2501.651
-2444.868
-2516.214
-2571.662
-2614.49
-2753.038
-2803.013
-2751.923
-2729.179
-2671.464
-2844.261
-2854.695
-2886.48
-2916.028
-2938.126
-2830.615
-2905.76
-2923.881
-2853.051
-2834.202
-2771.843
-2630.002
-2849.551
-2733.602
-2672.329
-2752.924
-2625.525
-2559.635
-2552.236
-2541.334
-2603.03
-2584.571
-2628.314
-2541.234
-2526.944
-2489.508
-2470.038
-2419.812
-2476.226
-2363.609
-2400.262
-2495.955
-2474.027
-2640.879
-2652.28
-2646.159
